 
(1473,)
Traceback (most recent call last):
  File "hmm.py", line 20, in <module>
    model = model.fit(X)
  File "/home/shubham/.local/lib/python3.6/site-packages/hmmlearn/base.py", line 461, in fit
    X = check_array(X)
  File "/home/shubham/.local/lib/python3.6/site-packages/sklearn/utils/validation.py", line 73, in inner_f
    return f(**kwargs)
  File "/home/shubham/.local/lib/python3.6/site-packages/sklearn/utils/validation.py", line 624, in check_array
    "if it contains a single sample.".format(array))
ValueError: Expected 2D array, got 1D array instead:
array=[ 7569.25      7493.200195  7508.799805  7611.350098  7634.700195
  7725.149902  7714.799805  7751.600098  7787.149902  7623.200195
  7585.        7567.75      7459.600098  7454.149902  7526.649902
  7624.399902  7640.450195  7663.899902  7684.200195  7767.850098
  7795.75      7830.600098  7790.450195  7748.700195  7791.399902
  7721.299805  7602.600098  7683.649902  7746.549805  7672.049805
  7649.25      7568.549805  7625.950195  7727.049805  7739.549805
  7791.700195  7874.25      7897.5       7875.299805  7891.100098
  7913.200195  7906.299805  7904.75      7936.049805  7954.350098
  8027.700195  8083.049805  8114.600098  8095.950195  8086.850098
  8173.899902  8152.950195  8094.100098  8085.700195  8105.5
  8042.        7932.899902  7975.5       8114.75      8121.450195
  8146.299805  8017.549805  8002.399902  7911.850098  7968.850098
  7958.899902  7964.799805  7945.549805  7852.399902  7842.700195
  7960.549805  7859.950195  7884.25      7864.                nan
  7748.200195  7779.700195  7879.399902  7927.75      7995.899902
  7991.700195  8027.600098  8090.450195  8169.200195  8322.200195
  8324.150391  8338.299805  8337.        8344.25      8362.650391
  8383.299805  8357.849609  8389.900391  8430.75      8425.900391
  8382.299805  8401.900391  8477.349609  8530.150391  8463.099609
  8475.75      8494.200195  8588.25      8555.900391  8524.700195
  8537.650391  8564.400391  8538.299805  8438.25      8340.700195
  8355.650391  8292.900391  8224.099609  8219.599609  8067.600098
  8029.799805  8159.299805  8225.200195  8324.        8267.
  8174.100098  8200.700195  8246.299805  8248.25      8282.700195
          nan  8395.450195  8378.400391  8127.350098  8102.100098
  8234.599609  8284.5       8323.        8299.400391  8277.549805
  8494.150391  8513.799805  8550.700195  8695.599609  8729.5
  8761.400391  8835.599609  8910.5       8914.299805  8952.349609
  8808.900391  8797.400391  8756.549805  8723.700195  8711.700195
  8661.049805  8526.349609  8565.549805  8627.400391  8711.549805
  8805.5       8809.349609  8869.099609  8895.299805  8833.599609
  8754.950195  8762.099609  8767.25      8683.849609  8844.599609
          nan  8956.75      8996.25      8922.650391  8937.75
  8756.75      8712.049805  8699.950195  8776.        8647.75
  8633.150391  8723.299805  8685.900391  8634.650391  8570.900391
  8550.900391  8542.950195  8530.799805  8342.150391  8341.400391
  8492.299805  8491.        8586.25      8659.900391  8660.299805
  8714.400391  8778.299805  8780.349609  8834.                nan
  8706.700195  8606.        8448.099609  8377.75      8429.700195
  8398.299805  8305.25      8213.799805  8285.599609  8239.75
  8181.5       8331.950195  8324.799805  8097.        8057.299805
  8191.5       8325.25      8126.950195  8235.450195  8224.200195
  8262.349609  8373.650391  8365.650391  8423.25      8421.
  8458.950195  8370.25      8339.349609  8334.599609  8319.
  8433.650391  8433.400391  8236.450195  8135.100098  8130.649902
  8114.700195  8044.149902  8022.399902  8124.450195  7965.350098
  7982.899902  8013.899902  8047.299805  8091.549805  8174.600098
  8224.950195  8353.099609  8381.549805  8360.849609  8398.
  8381.099609  8318.400391  8368.5       8453.049805  8444.900391
  8484.900391  8522.150391  8510.799805  8363.049805  8328.549805
  8360.549805  8459.650391  8454.099609  8523.799805  8608.049805
  8609.849609  8603.450195  8529.450195  8633.5       8589.799805
  8521.549805  8361.        8337.        8375.049805  8421.799805
  8532.849609  8543.049805  8516.900391  8567.950195  8588.650391
  8564.599609  8525.599609  8462.349609  8349.450195  8355.849609
  8518.549805  8477.299805  8466.549805  8495.150391  8372.75
  8299.950195  7809.        7880.700195  7791.850098  7948.950195
  8001.950195  7971.299805  7785.850098  7717.        7823.
  7655.049805  7558.799805  7688.25      7818.600098  7788.100098
  7789.299805  7872.25      7829.100098  7899.149902  7981.899902
  7977.100098  7812.        7845.950195  7868.5       7795.700195
  7843.299805  7948.899902  7950.899902  8119.299805  8152.899902
  8177.399902  8129.350098  8189.700195  8143.600098  8131.700195
  8107.899902  8179.5       8238.150391  8275.049805  8261.650391
  8251.700195  8295.450195  8260.549805  8232.900391  8171.200195
  8111.75      8065.799805  8050.799805  8060.700195  8040.200195
  7955.450195  7954.299805  7915.200195  7783.350098  7762.25
  7806.600098  7837.549805  7731.799805  7842.75      7856.549805
  7849.25      7831.600098  7883.799805  7942.700195  7935.25
  7954.899902  7931.350098  7864.149902  7781.899902  7765.399902
  7701.700195  7612.5       7683.299805  7610.450195  7650.049805
  7700.899902  7750.899902  7844.350098  7761.950195  7834.450195
  7786.100098  7865.950195  7861.049805  7925.149902  7928.950195
  7896.25      7946.350098          nan  7791.299805  7784.649902
  7741.        7568.299805  7601.350098  7563.850098  7510.299805
  7562.399902  7536.799805  7437.799805  7351.        7435.100098
  7309.299805  7276.799805  7422.450195  7436.149902  7437.75
  7424.649902  7563.549805  7555.950195  7455.549805  7361.799805
  7404.        7489.100098  7387.25      7298.200195  7215.700195
  6976.350098  6980.950195  7162.950195  7048.25      7108.450195
  7191.75      7210.75      7234.549805  7109.549805  7018.700195
  6970.600098  7029.75      6987.049805  7222.299805  7368.850098
  7475.600098  7485.350098  7485.299805  7531.799805  7486.149902
  7510.200195  7538.75      7460.600098  7498.75      7512.549805
  7604.350098  7704.25      7714.899902  7716.5       7615.100098
  7597.        7735.200195  7738.399902  7713.049805  7758.799805
  7603.200195  7614.350098  7546.450195  7555.200195  7671.399902
  7708.950195  7850.450195  7914.700195  7914.75      7912.049805
  7899.299805  7855.049805  7962.649902  7979.899902  7847.25
  7849.799805  7805.899902  7747.        7706.549805  7735.5
  7733.450195  7866.049805  7887.799805  7848.850098  7900.399902
  7814.899902  7860.75      7890.75      7870.149902  7783.399902
  7749.700195  7731.049805  7748.850098  7934.899902  8069.649902
  8156.649902  8178.5       8160.100098  8179.950195  8218.950195
  8220.799805  8201.049805  8266.450195  8273.049805  8203.599609
  8170.049805  8110.600098  8108.850098  8206.599609  8140.75
  8170.200195  8238.5       8219.900391  8203.700195  8270.450195
  8088.600098  8094.700195  8127.850098  8204.        8287.75
  8328.349609  8370.700195  8335.950195  8337.900391  8323.200195
  8467.900391  8521.049805  8519.5       8565.        8541.400391
  8508.700195  8528.549805  8565.849609  8510.099609  8541.200195
  8635.650391  8590.650391  8615.799805  8666.299805  8638.5
  8636.549805  8622.900391  8544.849609  8551.099609  8683.150391
  8711.349609  8678.25      8575.299805  8592.150391          nan
  8642.549805  8624.049805  8673.25      8666.900391  8629.150391
  8632.599609  8650.299805  8592.200195  8572.549805  8607.450195
  8744.349609  8786.200195  8774.650391  8809.650391  8943.
  8917.950195  8952.5       8866.700195  8715.599609  8726.599609
  8742.549805  8779.849609  8808.400391  8775.900391  8777.150391
  8867.450195  8831.549805  8723.049805  8706.400391  8745.150391
  8591.25      8611.150391  8738.099609  8769.150391  8743.950195
  8709.549805  8697.599609  8708.799805  8573.349609  8583.400391
  8520.400391  8677.900391  8659.099609  8699.400391  8693.049805
  8708.950195  8691.299805  8615.25      8615.25      8638.
  8626.25      8514.        8484.950195  8433.75      8497.049805
  8543.549805  8432.        8525.75      8296.299805  8108.450195
  8111.600098  8079.950195  8074.100098  7929.100098  8002.299805
  8033.299805  7965.5       8114.299805  8126.899902  8142.149902
  8224.5       8192.900391  8086.799805  8128.75      8143.149902
  8102.049805  8246.849609  8261.75      8170.799805  8221.799805
  8182.450195  8153.600098  8139.450195  8104.350098  8082.399902
  8061.299805  7979.100098  7985.75      7908.25      8032.850098
  8034.850098  8103.600098  8185.799805  8179.5       8192.25
  8190.5       8273.799805  8243.799805  8236.049805  8288.599609
  8380.650391  8407.200195  8400.349609  8412.799805  8398.
  8417.        8435.099609  8349.349609  8391.5       8475.799805
  8602.75      8641.25      8632.75      8561.299805  8716.400391
  8734.25      8740.950195  8801.049805  8768.299805  8769.049805
  8778.400391  8793.549805  8805.049805  8792.299805  8724.700195
  8778.        8821.700195  8879.200195  8907.849609  8926.900391
  8939.5       8896.700195  8879.599609  8945.799805  8899.75
  8897.549805  8963.450195  8946.900391  8924.299805  8927.
  8934.549805  9087.        9084.799805  9153.700195  9160.049805
  9126.849609  9121.5       9030.450195  9086.299805  9108.
  9045.200195  9100.799805  9143.799805  9173.75      9173.75
  9237.849609  9265.150391  9261.950195  9198.299805  9181.450195
  9237.        9203.450195  9150.799805  9139.299805  9105.150391
  9103.5       9136.400391  9119.400391  9217.950195  9306.599609
  9351.849609  9342.150391  9304.049805  9313.799805  9311.950195
  9359.900391  9285.299805  9314.049805  9316.849609  9407.299805
  9422.400391  9400.900391  9445.400391  9512.25      9525.75
  9429.450195  9427.900391  9438.25      9386.150391  9360.549805
  9509.75      9595.099609  9604.900391  9624.549805  9621.25
  9616.099609  9653.5       9675.099609  9637.150391  9663.900391
  9647.25      9668.25      9616.400391  9606.900391  9618.150391
  9578.049805  9588.049805  9657.549805  9653.5       9633.599609
  9630.        9574.950195  9511.400391  9491.25      9504.099609
  9520.900391  9615.        9613.299805  9637.599609  9674.549805
  9665.799805  9771.049805  9786.049805  9816.099609  9891.700195
  9886.349609  9915.950195  9827.150391  9899.599609  9873.299805
  9915.25      9966.400391  9964.549805 10020.650391 10020.549805
 10014.5      10077.099609 10114.650391 10081.5      10013.650391
 10066.400391 10057.400391  9978.549805  9908.049805  9820.25
  9710.799805  9794.150391  9897.299805  9904.150391  9837.400391
  9754.349609  9765.549805  9852.5       9857.049805  9912.799805
  9796.049805  9884.400391  9917.900391  9974.400391  9912.849609
  9952.200195  9916.200195  9929.900391  9934.799805 10006.049805
 10093.049805 10079.299805 10086.599609 10085.400391 10153.099609
 10147.549805 10141.150391 10121.900391  9964.400391  9872.599609
  9871.5       9735.75      9768.950195  9788.599609  9859.5
  9914.900391  9888.700195  9979.700195  9988.75     10016.950195
  9984.799805 10096.400391 10167.450195 10230.849609 10234.450195
 10210.849609 10146.549805 10184.849609 10207.700195 10295.349609
 10343.799805 10323.049805 10363.650391 10335.299805 10440.5
 10423.799805 10452.5      10451.799805 10350.150391 10303.150391
 10308.950195 10321.75     10224.950195 10186.599609 10118.049805
 10214.75     10283.599609 10298.75     10326.900391 10342.299805
 10348.75     10389.700195 10399.549805 10370.25     10361.299805
 10226.549805 10121.799805 10127.75     10118.25     10044.099609
 10166.700195 10265.650391 10322.25     10240.150391 10192.950195
 10252.099609 10333.25     10388.75     10463.200195 10444.200195
 10440.299805 10493.       10531.5      10490.75     10477.900391
 10530.700195          nan 10442.200195 10443.200195 10504.799805
 10558.849609 10623.599609 10637.       10632.200195 10651.200195
 10681.25     10741.549805 10700.450195 10788.549805 10817.
 10894.700195 10966.200195 11083.700195 11086.       11069.650391
 11130.400391 11049.650391 11027.700195 11016.900391 10760.599609
 10666.549805 10498.25     10476.700195 10576.849609 10454.950195
 10539.75     10500.900391 10545.5      10452.299805 10378.400391
 10360.400391 10397.450195 10382.700195 10491.049805 10582.599609
 10554.299805 10492.849609 10458.349609 10358.849609 10249.25
 10154.200195 10242.650391 10226.849609 10421.400391 10426.849609
 10410.900391 10360.150391 10195.150391 10094.25     10124.349609
 10155.25     10114.75      9998.049805 10130.650391 10184.150391
 10113.700195 10211.799805 10245.       10128.400391 10325.150391
 10331.599609 10379.349609 10402.25     10417.150391 10458.650391
 10480.599609 10528.349609 10548.700195 10526.200195 10565.299805
 10564.049805 10584.700195 10614.349609 10570.549805 10617.799805
 10692.299805 10739.349609 10718.049805 10679.650391 10618.25
 10715.5      10717.799805 10741.700195 10716.549805 10806.5
 10806.599609 10801.849609 10741.099609 10682.700195 10596.400391
 10516.700195 10536.700195 10430.349609 10513.849609 10605.150391
 10688.650391 10633.299805 10614.349609 10736.150391 10696.200195
 10628.5      10593.150391 10684.650391 10768.349609 10767.650391
 10786.950195 10842.849609 10856.700195 10808.049805 10817.700195
 10799.849609 10710.450195 10772.049805 10741.099609 10821.849609
 10762.450195 10769.150391 10671.400391 10589.099609 10714.299805
 10657.299805 10699.900391 10769.900391 10749.75     10772.650391
 10852.900391 10947.25     10948.299805 11023.200195 11018.900391
 10936.849609 11008.049805 10980.450195 10957.099609 11010.200195
 11084.75     11134.299805 11132.       11167.299805 11278.349609
 11319.549805 11356.5      11346.200195 11244.700195 11360.799805
 11387.099609 11389.450195 11450.       11470.700195 11429.5
 11355.75     11435.099609 11385.049805 11470.75     11551.75
 11570.900391 11582.75     11557.099609 11691.950195 11738.5
 11691.900391 11676.799805 11680.5      11582.349609 11520.299805
 11476.950195 11536.900391 11589.099609 11438.099609 11287.5
 11369.900391 11515.200195 11377.75     11278.900391 11234.349609
 11143.099609 10967.400391 11067.450195 11053.799805 10977.549805
 10930.450195 11008.299805 10858.25     10599.25     10316.450195
 10348.049805 10301.049805 10460.099609 10234.650391 10472.5
 10512.5      10584.75     10453.049805 10303.549805 10245.25
 10146.799805 10224.75     10124.900391 10030.       10250.849609
 10198.400391 10386.599609 10380.450195 10553.       10524.
 10530.       10598.400391 10585.200195 10482.200195 10582.5
 10576.299805 10616.700195 10682.200195 10763.400391 10656.200195
 10600.049805 10526.75     10628.599609 10685.599609 10728.849609
 10858.700195 10876.75     10883.75     10869.5      10782.900391
 10601.150391 10693.700195 10488.450195 10549.150391 10737.599609
 10791.549805 10805.450195 10888.349609 10908.700195 10967.299805
 10951.700195 10754.       10663.5      10729.849609 10779.799805
 10859.900391 10862.549805          nan 10792.5      10672.25
 10727.349609 10771.799805 10802.150391 10855.150391 10821.599609
 10794.950195 10737.599609 10886.799805 10890.299805 10905.200195
 10906.950195 10961.849609 10922.75     10831.5      10849.799805
 10780.549805 10661.549805 10652.200195 10651.799805 10830.950195
 10893.650391 10912.25     10934.349609 11062.450195 11069.400391
 10943.599609 10888.799805 10831.400391 10746.049805 10724.400391
 10640.950195 10604.349609 10735.450195 10789.849609 10791.650391
 10880.099609 10835.299805 10806.650391 10792.5      10863.5
 10987.450195 11053.       11058.200195 11035.400391 11168.049805
 11301.200195 11341.700195 11343.25     11426.849609 11462.200195
 11532.400391 11521.049805 11456.900391 11354.25     11483.25
 11445.049805 11570.       11669.150391 11713.200195 11643.950195
 11598.       11665.950195 11604.5      11671.950195 11584.299805
 11596.700195 11643.450195 11690.349609 11787.150391 11752.799805
 11594.450195 11575.950195 11726.150391 11641.799805 11754.650391
 11748.150391 11724.75     11712.25     11598.25     11497.900391
 11359.450195 11301.799805 11278.900391 11148.200195 11222.049805
 11157.       11257.099609 11407.150391 11828.25     11709.099609
 11737.900391 11657.049805 11844.099609 11924.75     11928.75
 11861.099609 11945.900391 11922.799805 12088.549805 12021.650391
 11843.75     11870.650391 11922.700195 11965.599609 11906.200195
 11914.049805 11823.299805 11672.150391 11691.5      11691.450195
 11831.75     11724.099609 11699.650391 11796.450195 11847.549805
 11841.549805 11788.849609 11865.599609 11910.299805 11916.75
 11946.75     11811.150391 11558.599609 11555.900391 11498.900391
 11582.900391 11552.5      11588.349609 11662.599609 11687.5
 11596.900391 11419.25     11346.200195 11331.049805 11271.299805
 11252.150391 11284.299805 11189.200195 11085.400391 11118.
 10980.       10997.349609 10862.599609 10948.25     10855.5
 11032.450195 11109.650391 10925.849609 11029.400391 11047.799805
 11053.900391 11017.       10918.700195 10741.349609 10829.349609
 11057.849609 11105.349609 11046.099609 10948.299805 11023.25
 10797.900391 10844.650391 10847.900391 10946.200195 11003.049805
 11035.700195 10982.799805 11075.900391 11003.5      10817.599609
 10840.650391 10704.799805 11274.200195 11600.200195 11588.200195
 11440.200195 11571.200195 11512.400391 11474.450195 11359.900391
 11314.       11174.75     11126.400391 11313.299805 11234.549805
 11305.049805 11341.150391 11428.299805 11464.       11586.349609
 11661.849609 11588.349609 11604.099609 11582.599609 11583.900391
          nan 11786.849609 11844.099609 11877.450195 11890.599609
 11941.299805 11917.200195 11966.049805 12012.049805 11908.150391
 11913.450195 11840.450195 11872.099609 11895.450195 11884.5
 11940.099609 11999.099609 11968.400391 11914.400391 12073.75
 12037.700195 12100.700195 12151.150391 12056.049805 12048.200195
 11994.200195 12043.200195 12018.400391 11921.5      11937.5
 11856.799805 11910.150391 11971.799805 12086.700195 12053.950195
 12165.       12221.650391 12259.700195 12271.799805 12262.75
 12214.549805 12126.549805 12245.799805 12255.849609 12168.450195
 12182.5      12282.200195 12226.650391 11993.049805 12052.950195
 12025.349609 12215.900391 12256.799805 12329.549805 12362.299805
 12343.299805 12355.5      12352.349609 12224.549805 12169.849609
 12106.900391 12180.349609 12248.25     12119.       12055.799805
 12129.5      12035.799805 11962.099609 11707.900391 11979.650391
 12089.150391 12137.950195 12098.349609 12031.5      12107.900391
 12201.200195 12174.650391 12113.450195 12045.799805 11992.5
 12125.900391 12080.849609 11829.400391 11797.900391 11678.5
 11633.299805 11201.75     11132.75     11303.299805 11251.
 11269.       10989.450195 10451.450195 10458.400391  9590.150391
  9955.200195  9197.400391  8967.049805  8468.799805  8263.450195
  8745.450195  7610.25      7801.049805  8317.849609  8641.450195
  8660.25      8281.099609  8597.75      8253.799805  8083.799805
  8792.200195  8748.75      9111.900391  8993.849609  8925.299805
  8992.799805  9266.75      9261.849609  8981.450195  9187.299805
  9313.900391  9154.400391  9282.299805  9380.900391  9553.349609
  9859.900391  9293.5       9205.599609  9270.900391  9199.049805
  9251.5       9239.200195  9196.549805  9383.549805  9142.75
  9136.849609  8823.25      8879.099609  9066.549805  9106.25
  9039.25      9029.049805  9314.950195  9490.099609  9580.299805
  9826.150391  9979.099609 10061.549805 10029.099609 10142.150391
 10167.450195 10046.650391 10116.150391  9902.        9972.900391
  9813.700195  9914.        9881.150391 10091.650391 10244.400391
 10311.200195 10471.       10305.299805].
Reshape your data either using array.reshape(-1, 1) if your data has a single feature or array.reshape(1, -1) if it contains a single sample.
